40 30 20 10 41 31 21 11 42 32 22 12 400 401 402 403 90 80 70 60 91 81 71 61 92 82 72 62 440 441 442 443 140 130 120 110 141 131 121 111 142 132 122 112 480 481 482 483 190 180 170 160 191 181 171 161 192 182 172 162 520 521 522 523 
15 25 35 45 14 24 34 44 13 23 33 43 401 402 403 404 65 75 85 95 64 74 84 94 63 73 83 93 441 442 443 444 115 125 135 145 114 124 134 144 113 123 133 143 481 482 483 484 165 175 185 195 164 174 184 194 163 173 183 193 521 522 523 524 
41 31 21 11 42 32 22 12 400 401 402 403 405 406 407 408 91 81 71 61 92 82 72 62 440 441 442 443 445 446 447 448 141 131 121 111 142 132 122 112 480 481 482 483 485 486 487 488 191 181 171 161 192 182 172 162 520 521 522 523 525 526 527 528 
14 24 34 44 13 23 33 43 401 402 403 404 406 407 408 409 64 74 84 94 63 73 83 93 441 442 443 444 446 447 448 449 114 124 134 144 113 123 133 143 481 482 483 484 486 487 488 489 164 174 184 194 163 173 183 193 521 522 523 524 526 527 528 529 
42 32 22 12 400 401 402 403 405 406 407 408 410 411 412 413 92 82 72 62 440 441 442 443 445 446 447 448 450 451 452 453 142 132 122 112 480 481 482 483 485 486 487 488 490 491 492 493 192 182 172 162 520 521 522 523 525 526 527 528 530 531 532 533 
13 23 33 43 401 402 403 404 406 407 408 409 411 412 413 414 63 73 83 93 441 442 443 444 446 447 448 449 451 452 453 454 113 123 133 143 481 482 483 484 486 487 488 489 491 492 493 494 163 173 183 193 521 522 523 524 526 527 528 529 531 532 533 534 
400 401 402 403 405 406 407 408 410 411 412 413 415 416 417 418 440 441 442 443 445 446 447 448 450 451 452 453 455 456 457 458 480 481 482 483 485 486 487 488 490 491 492 493 495 496 497 498 520 521 522 523 525 526 527 528 530 531 532 533 535 536 537 538 
401 402 403 404 406 407 408 409 411 412 413 414 416 417 418 419 441 442 443 444 446 447 448 449 451 452 453 454 456 457 458 459 481 482 483 484 486 487 488 489 491 492 493 494 496 497 498 499 521 522 523 524 526 527 528 529 531 532 533 534 536 537 538 539 
405 406 407 408 410 411 412 413 415 416 417 418 420 421 422 423 445 446 447 448 450 451 452 453 455 456 457 458 460 461 462 463 485 486 487 488 490 491 492 493 495 496 497 498 500 501 502 503 525 526 527 528 530 531 532 533 535 536 537 538 540 541 542 543 
406 407 408 409 411 412 413 414 416 417 418 419 421 422 423 424 446 447 448 449 451 452 453 454 456 457 458 459 461 462 463 464 486 487 488 489 491 492 493 494 496 497 498 499 501 502 503 504 526 527 528 529 531 532 533 534 536 537 538 539 541 542 543 544 
410 411 412 413 415 416 417 418 420 421 422 423 425 426 427 428 450 451 452 453 455 456 457 458 460 461 462 463 465 466 467 468 490 491 492 493 495 496 497 498 500 501 502 503 505 506 507 508 530 531 532 533 535 536 537 538 540 541 542 543 545 546 547 548 
411 412 413 414 416 417 418 419 421 422 423 424 426 427 428 429 451 452 453 454 456 457 458 459 461 462 463 464 466 467 468 469 491 492 493 494 496 497 498 499 501 502 503 504 506 507 508 509 531 532 533 534 536 537 538 539 541 542 543 544 546 547 548 549 
415 416 417 418 420 421 422 423 425 426 427 428 430 431 432 433 455 456 457 458 460 461 462 463 465 466 467 468 470 471 472 473 495 496 497 498 500 501 502 503 505 506 507 508 510 511 512 513 535 536 537 538 540 541 542 543 545 546 547 548 550 551 552 553 
416 417 418 419 421 422 423 424 426 427 428 429 431 432 433 434 456 457 458 459 461 462 463 464 466 467 468 469 471 472 473 474 496 497 498 499 501 502 503 504 506 507 508 509 511 512 513 514 536 537 538 539 541 542 543 544 546 547 548 549 551 552 553 554 
420 421 422 423 425 426 427 428 430 431 432 433 435 436 437 438 460 461 462 463 465 466 467 468 470 471 472 473 475 476 477 478 500 501 502 503 505 506 507 508 510 511 512 513 515 516 517 518 540 541 542 543 545 546 547 548 550 551 552 553 555 556 557 558 
421 422 423 424 426 427 428 429 431 432 433 434 436 437 438 439 461 462 463 464 466 467 468 469 471 472 473 474 476 477 478 479 501 502 503 504 506 507 508 509 511 512 513 514 516 517 518 519 541 542 543 544 546 547 548 549 551 552 553 554 556 557 558 559 
90 80 70 60 91 81 71 61 92 82 72 62 440 441 442 443 140 130 120 110 141 131 121 111 142 132 122 112 480 481 482 483 190 180 170 160 191 181 171 161 192 182 172 162 520 521 522 523 240 230 220 210 241 231 221 211 242 232 222 212 560 561 562 563 
65 75 85 95 64 74 84 94 63 73 83 93 441 442 443 444 115 125 135 145 114 124 134 144 113 123 133 143 481 482 483 484 165 175 185 195 164 174 184 194 163 173 183 193 521 522 523 524 215 225 235 245 214 224 234 244 213 223 233 243 561 562 563 564 
91 81 71 61 92 82 72 62 440 441 442 443 445 446 447 448 141 131 121 111 142 132 122 112 480 481 482 483 485 486 487 488 191 181 171 161 192 182 172 162 520 521 522 523 525 526 527 528 241 231 221 211 242 232 222 212 560 561 562 563 565 566 567 568 
64 74 84 94 63 73 83 93 441 442 443 444 446 447 448 449 114 124 134 144 113 123 133 143 481 482 483 484 486 487 488 489 164 174 184 194 163 173 183 193 521 522 523 524 526 527 528 529 214 224 234 244 213 223 233 243 561 562 563 564 566 567 568 569 
92 82 72 62 440 441 442 443 445 446 447 448 450 451 452 453 142 132 122 112 480 481 482 483 485 486 487 488 490 491 492 493 192 182 172 162 520 521 522 523 525 526 527 528 530 531 532 533 242 232 222 212 560 561 562 563 565 566 567 568 570 571 572 573 
63 73 83 93 441 442 443 444 446 447 448 449 451 452 453 454 113 123 133 143 481 482 483 484 486 487 488 489 491 492 493 494 163 173 183 193 521 522 523 524 526 527 528 529 531 532 533 534 213 223 233 243 561 562 563 564 566 567 568 569 571 572 573 574 
440 441 442 443 445 446 447 448 450 451 452 453 455 456 457 458 480 481 482 483 485 486 487 488 490 491 492 493 495 496 497 498 520 521 522 523 525 526 527 528 530 531 532 533 535 536 537 538 560 561 562 563 565 566 567 568 570 571 572 573 575 576 577 578 
441 442 443 444 446 447 448 449 451 452 453 454 456 457 458 459 481 482 483 484 486 487 488 489 491 492 493 494 496 497 498 499 521 522 523 524 526 527 528 529 531 532 533 534 536 537 538 539 561 562 563 564 566 567 568 569 571 572 573 574 576 577 578 579 
445 446 447 448 450 451 452 453 455 456 457 458 460 461 462 463 485 486 487 488 490 491 492 493 495 496 497 498 500 501 502 503 525 526 527 528 530 531 532 533 535 536 537 538 540 541 542 543 565 566 567 568 570 571 572 573 575 576 577 578 580 581 582 583 
446 447 448 449 451 452 453 454 456 457 458 459 461 462 463 464 486 487 488 489 491 492 493 494 496 497 498 499 501 502 503 504 526 527 528 529 531 532 533 534 536 537 538 539 541 542 543 544 566 567 568 569 571 572 573 574 576 577 578 579 581 582 583 584 
450 451 452 453 455 456 457 458 460 461 462 463 465 466 467 468 490 491 492 493 495 496 497 498 500 501 502 503 505 506 507 508 530 531 532 533 535 536 537 538 540 541 542 543 545 546 547 548 570 571 572 573 575 576 577 578 580 581 582 583 585 586 587 588 
451 452 453 454 456 457 458 459 461 462 463 464 466 467 468 469 491 492 493 494 496 497 498 499 501 502 503 504 506 507 508 509 531 532 533 534 536 537 538 539 541 542 543 544 546 547 548 549 571 572 573 574 576 577 578 579 581 582 583 584 586 587 588 589 
455 456 457 458 460 461 462 463 465 466 467 468 470 471 472 473 495 496 497 498 500 501 502 503 505 506 507 508 510 511 512 513 535 536 537 538 540 541 542 543 545 546 547 548 550 551 552 553 575 576 577 578 580 581 582 583 585 586 587 588 590 591 592 593 
456 457 458 459 461 462 463 464 466 467 468 469 471 472 473 474 496 497 498 499 501 502 503 504 506 507 508 509 511 512 513 514 536 537 538 539 541 542 543 544 546 547 548 549 551 552 553 554 576 577 578 579 581 582 583 584 586 587 588 589 591 592 593 594 
460 461 462 463 465 466 467 468 470 471 472 473 475 476 477 478 500 501 502 503 505 506 507 508 510 511 512 513 515 516 517 518 540 541 542 543 545 546 547 548 550 551 552 553 555 556 557 558 580 581 582 583 585 586 587 588 590 591 592 593 595 596 597 598 
461 462 463 464 466 467 468 469 471 472 473 474 476 477 478 479 501 502 503 504 506 507 508 509 511 512 513 514 516 517 518 519 541 542 543 544 546 547 548 549 551 552 553 554 556 557 558 559 581 582 583 584 586 587 588 589 591 592 593 594 596 597 598 599 
140 130 120 110 141 131 121 111 142 132 122 112 480 481 482 483 190 180 170 160 191 181 171 161 192 182 172 162 520 521 522 523 240 230 220 210 241 231 221 211 242 232 222 212 560 561 562 563 290 280 270 260 291 281 271 261 292 282 272 262 600 601 602 603 
115 125 135 145 114 124 134 144 113 123 133 143 481 482 483 484 165 175 185 195 164 174 184 194 163 173 183 193 521 522 523 524 215 225 235 245 214 224 234 244 213 223 233 243 561 562 563 564 265 275 285 295 264 274 284 294 263 273 283 293 601 602 603 604 
141 131 121 111 142 132 122 112 480 481 482 483 485 486 487 488 191 181 171 161 192 182 172 162 520 521 522 523 525 526 527 528 241 231 221 211 242 232 222 212 560 561 562 563 565 566 567 568 291 281 271 261 292 282 272 262 600 601 602 603 605 606 607 608 
114 124 134 144 113 123 133 143 481 482 483 484 486 487 488 489 164 174 184 194 163 173 183 193 521 522 523 524 526 527 528 529 214 224 234 244 213 223 233 243 561 562 563 564 566 567 568 569 264 274 284 294 263 273 283 293 601 602 603 604 606 607 608 609 
142 132 122 112 480 481 482 483 485 486 487 488 490 491 492 493 192 182 172 162 520 521 522 523 525 526 527 528 530 531 532 533 242 232 222 212 560 561 562 563 565 566 567 568 570 571 572 573 292 282 272 262 600 601 602 603 605 606 607 608 610 611 612 613 
113 123 133 143 481 482 483 484 486 487 488 489 491 492 493 494 163 173 183 193 521 522 523 524 526 527 528 529 531 532 533 534 213 223 233 243 561 562 563 564 566 567 568 569 571 572 573 574 263 273 283 293 601 602 603 604 606 607 608 609 611 612 613 614 
480 481 482 483 485 486 487 488 490 491 492 493 495 496 497 498 520 521 522 523 525 526 527 528 530 531 532 533 535 536 537 538 560 561 562 563 565 566 567 568 570 571 572 573 575 576 577 578 600 601 602 603 605 606 607 608 610 611 612 613 615 616 617 618 
481 482 483 484 486 487 488 489 491 492 493 494 496 497 498 499 521 522 523 524 526 527 528 529 531 532 533 534 536 537 538 539 561 562 563 564 566 567 568 569 571 572 573 574 576 577 578 579 601 602 603 604 606 607 608 609 611 612 613 614 616 617 618 619 
485 486 487 488 490 491 492 493 495 496 497 498 500 501 502 503 525 526 527 528 530 531 532 533 535 536 537 538 540 541 542 543 565 566 567 568 570 571 572 573 575 576 577 578 580 581 582 583 605 606 607 608 610 611 612 613 615 616 617 618 620 621 622 623 
486 487 488 489 491 492 493 494 496 497 498 499 501 502 503 504 526 527 528 529 531 532 533 534 536 537 538 539 541 542 543 544 566 567 568 569 571 572 573 574 576 577 578 579 581 582 583 584 606 607 608 609 611 612 613 614 616 617 618 619 621 622 623 624 
490 491 492 493 495 496 497 498 500 501 502 503 505 506 507 508 530 531 532 533 535 536 537 538 540 541 542 543 545 546 547 548 570 571 572 573 575 576 577 578 580 581 582 583 585 586 587 588 610 611 612 613 615 616 617 618 620 621 622 623 625 626 627 628 
491 492 493 494 496 497 498 499 501 502 503 504 506 507 508 509 531 532 533 534 536 537 538 539 541 542 543 544 546 547 548 549 571 572 573 574 576 577 578 579 581 582 583 584 586 587 588 589 611 612 613 614 616 617 618 619 621 622 623 624 626 627 628 629 
495 496 497 498 500 501 502 503 505 506 507 508 510 511 512 513 535 536 537 538 540 541 542 543 545 546 547 548 550 551 552 553 575 576 577 578 580 581 582 583 585 586 587 588 590 591 592 593 615 616 617 618 620 621 622 623 625 626 627 628 630 631 632 633 
496 497 498 499 501 502 503 504 506 507 508 509 511 512 513 514 536 537 538 539 541 542 543 544 546 547 548 549 551 552 553 554 576 577 578 579 581 582 583 584 586 587 588 589 591 592 593 594 616 617 618 619 621 622 623 624 626 627 628 629 631 632 633 634 
500 501 502 503 505 506 507 508 510 511 512 513 515 516 517 518 540 541 542 543 545 546 547 548 550 551 552 553 555 556 557 558 580 581 582 583 585 586 587 588 590 591 592 593 595 596 597 598 620 621 622 623 625 626 627 628 630 631 632 633 635 636 637 638 
501 502 503 504 506 507 508 509 511 512 513 514 516 517 518 519 541 542 543 544 546 547 548 549 551 552 553 554 556 557 558 559 581 582 583 584 586 587 588 589 591 592 593 594 596 597 598 599 621 622 623 624 626 627 628 629 631 632 633 634 636 637 638 639 
190 180 170 160 191 181 171 161 192 182 172 162 520 521 522 523 240 230 220 210 241 231 221 211 242 232 222 212 560 561 562 563 290 280 270 260 291 281 271 261 292 282 272 262 600 601 602 603 340 330 320 310 341 331 321 311 342 332 322 312 640 641 642 643 
165 175 185 195 164 174 184 194 163 173 183 193 521 522 523 524 215 225 235 245 214 224 234 244 213 223 233 243 561 562 563 564 265 275 285 295 264 274 284 294 263 273 283 293 601 602 603 604 315 325 335 345 314 324 334 344 313 323 333 343 641 642 643 644 
191 181 171 161 192 182 172 162 520 521 522 523 525 526 527 528 241 231 221 211 242 232 222 212 560 561 562 563 565 566 567 568 291 281 271 261 292 282 272 262 600 601 602 603 605 606 607 608 341 331 321 311 342 332 322 312 640 641 642 643 645 646 647 648 
164 174 184 194 163 173 183 193 521 522 523 524 526 527 528 529 214 224 234 244 213 223 233 243 561 562 563 564 566 567 568 569 264 274 284 294 263 273 283 293 601 602 603 604 606 607 608 609 314 324 334 344 313 323 333 343 641 642 643 644 646 647 648 649 
192 182 172 162 520 521 522 523 525 526 527 528 530 531 532 533 242 232 222 212 560 561 562 563 565 566 567 568 570 571 572 573 292 282 272 262 600 601 602 603 605 606 607 608 610 611 612 613 342 332 322 312 640 641 642 643 645 646 647 648 650 651 652 653 
163 173 183 193 521 522 523 524 526 527 528 529 531 532 533 534 213 223 233 243 561 562 563 564 566 567 568 569 571 572 573 574 263 273 283 293 601 602 603 604 606 607 608 609 611 612 613 614 313 323 333 343 641 642 643 644 646 647 648 649 651 652 653 654 
520 521 522 523 525 526 527 528 530 531 532 533 535 536 537 538 560 561 562 563 565 566 567 568 570 571 572 573 575 576 577 578 600 601 602 603 605 606 607 608 610 611 612 613 615 616 617 618 640 641 642 643 645 646 647 648 650 651 652 653 655 656 657 658 
521 522 523 524 526 527 528 529 531 532 533 534 536 537 538 539 561 562 563 564 566 567 568 569 571 572 573 574 576 577 578 579 601 602 603 604 606 607 608 609 611 612 613 614 616 617 618 619 641 642 643 644 646 647 648 649 651 652 653 654 656 657 658 659 
525 526 527 528 530 531 532 533 535 536 537 538 540 541 542 543 565 566 567 568 570 571 572 573 575 576 577 578 580 581 582 583 605 606 607 608 610 611 612 613 615 616 617 618 620 621 622 623 645 646 647 648 650 651 652 653 655 656 657 658 660 661 662 663 
526 527 528 529 531 532 533 534 536 537 538 539 541 542 543 544 566 567 568 569 571 572 573 574 576 577 578 579 581 582 583 584 606 607 608 609 611 612 613 614 616 617 618 619 621 622 623 624 646 647 648 649 651 652 653 654 656 657 658 659 661 662 663 664 
530 531 532 533 535 536 537 538 540 541 542 543 545 546 547 548 570 571 572 573 575 576 577 578 580 581 582 583 585 586 587 588 610 611 612 613 615 616 617 618 620 621 622 623 625 626 627 628 650 651 652 653 655 656 657 658 660 661 662 663 665 666 667 668 
531 532 533 534 536 537 538 539 541 542 543 544 546 547 548 549 571 572 573 574 576 577 578 579 581 582 583 584 586 587 588 589 611 612 613 614 616 617 618 619 621 622 623 624 626 627 628 629 651 652 653 654 656 657 658 659 661 662 663 664 666 667 668 669 
535 536 537 538 540 541 542 543 545 546 547 548 550 551 552 553 575 576 577 578 580 581 582 583 585 586 587 588 590 591 592 593 615 616 617 618 620 621 622 623 625 626 627 628 630 631 632 633 655 656 657 658 660 661 662 663 665 666 667 668 670 671 672 673 
536 537 538 539 541 542 543 544 546 547 548 549 551 552 553 554 576 577 578 579 581 582 583 584 586 587 588 589 591 592 593 594 616 617 618 619 621 622 623 624 626 627 628 629 631 632 633 634 656 657 658 659 661 662 663 664 666 667 668 669 671 672 673 674 
540 541 542 543 545 546 547 548 550 551 552 553 555 556 557 558 580 581 582 583 585 586 587 588 590 591 592 593 595 596 597 598 620 621 622 623 625 626 627 628 630 631 632 633 635 636 637 638 660 661 662 663 665 666 667 668 670 671 672 673 675 676 677 678 
541 542 543 544 546 547 548 549 551 552 553 554 556 557 558 559 581 582 583 584 586 587 588 589 591 592 593 594 596 597 598 599 621 622 623 624 626 627 628 629 631 632 633 634 636 637 638 639 661 662 663 664 666 667 668 669 671 672 673 674 676 677 678 679 
240 230 220 210 241 231 221 211 242 232 222 212 560 561 562 563 290 280 270 260 291 281 271 261 292 282 272 262 600 601 602 603 340 330 320 310 341 331 321 311 342 332 322 312 640 641 642 643 390 380 370 360 391 381 371 361 392 382 372 362 680 681 682 683 
215 225 235 245 214 224 234 244 213 223 233 243 561 562 563 564 265 275 285 295 264 274 284 294 263 273 283 293 601 602 603 604 315 325 335 345 314 324 334 344 313 323 333 343 641 642 643 644 365 375 385 395 364 374 384 394 363 373 383 393 681 682 683 684 
241 231 221 211 242 232 222 212 560 561 562 563 565 566 567 568 291 281 271 261 292 282 272 262 600 601 602 603 605 606 607 608 341 331 321 311 342 332 322 312 640 641 642 643 645 646 647 648 391 381 371 361 392 382 372 362 680 681 682 683 685 686 687 688 
214 224 234 244 213 223 233 243 561 562 563 564 566 567 568 569 264 274 284 294 263 273 283 293 601 602 603 604 606 607 608 609 314 324 334 344 313 323 333 343 641 642 643 644 646 647 648 649 364 374 384 394 363 373 383 393 681 682 683 684 686 687 688 689 
242 232 222 212 560 561 562 563 565 566 567 568 570 571 572 573 292 282 272 262 600 601 602 603 605 606 607 608 610 611 612 613 342 332 322 312 640 641 642 643 645 646 647 648 650 651 652 653 392 382 372 362 680 681 682 683 685 686 687 688 690 691 692 693 
213 223 233 243 561 562 563 564 566 567 568 569 571 572 573 574 263 273 283 293 601 602 603 604 606 607 608 609 611 612 613 614 313 323 333 343 641 642 643 644 646 647 648 649 651 652 653 654 363 373 383 393 681 682 683 684 686 687 688 689 691 692 693 694 
560 561 562 563 565 566 567 568 570 571 572 573 575 576 577 578 600 601 602 603 605 606 607 608 610 611 612 613 615 616 617 618 640 641 642 643 645 646 647 648 650 651 652 653 655 656 657 658 680 681 682 683 685 686 687 688 690 691 692 693 695 696 697 698 
561 562 563 564 566 567 568 569 571 572 573 574 576 577 578 579 601 602 603 604 606 607 608 609 611 612 613 614 616 617 618 619 641 642 643 644 646 647 648 649 651 652 653 654 656 657 658 659 681 682 683 684 686 687 688 689 691 692 693 694 696 697 698 699 
565 566 567 568 570 571 572 573 575 576 577 578 580 581 582 583 605 606 607 608 610 611 612 613 615 616 617 618 620 621 622 623 645 646 647 648 650 651 652 653 655 656 657 658 660 661 662 663 685 686 687 688 690 691 692 693 695 696 697 698 700 701 702 703 
566 567 568 569 571 572 573 574 576 577 578 579 581 582 583 584 606 607 608 609 611 612 613 614 616 617 618 619 621 622 623 624 646 647 648 649 651 652 653 654 656 657 658 659 661 662 663 664 686 687 688 689 691 692 693 694 696 697 698 699 701 702 703 704 
570 571 572 573 575 576 577 578 580 581 582 583 585 586 587 588 610 611 612 613 615 616 617 618 620 621 622 623 625 626 627 628 650 651 652 653 655 656 657 658 660 661 662 663 665 666 667 668 690 691 692 693 695 696 697 698 700 701 702 703 705 706 707 708 
571 572 573 574 576 577 578 579 581 582 583 584 586 587 588 589 611 612 613 614 616 617 618 619 621 622 623 624 626 627 628 629 651 652 653 654 656 657 658 659 661 662 663 664 666 667 668 669 691 692 693 694 696 697 698 699 701 702 703 704 706 707 708 709 
575 576 577 578 580 581 582 583 585 586 587 588 590 591 592 593 615 616 617 618 620 621 622 623 625 626 627 628 630 631 632 633 655 656 657 658 660 661 662 663 665 666 667 668 670 671 672 673 695 696 697 698 700 701 702 703 705 706 707 708 710 711 712 713 
576 577 578 579 581 582 583 584 586 587 588 589 591 592 593 594 616 617 618 619 621 622 623 624 626 627 628 629 631 632 633 634 656 657 658 659 661 662 663 664 666 667 668 669 671 672 673 674 696 697 698 699 701 702 703 704 706 707 708 709 711 712 713 714 
580 581 582 583 585 586 587 588 590 591 592 593 595 596 597 598 620 621 622 623 625 626 627 628 630 631 632 633 635 636 637 638 660 661 662 663 665 666 667 668 670 671 672 673 675 676 677 678 700 701 702 703 705 706 707 708 710 711 712 713 715 716 717 718 
581 582 583 584 586 587 588 589 591 592 593 594 596 597 598 599 621 622 623 624 626 627 628 629 631 632 633 634 636 637 638 639 661 662 663 664 666 667 668 669 671 672 673 674 676 677 678 679 701 702 703 704 706 707 708 709 711 712 713 714 716 717 718 719 
